+------------+-------------+-----------+-----------+-----------+------------+
| SUM(Wage)  | COUNT(Name) | AVG(Wage) | MAX(Wage) | MIN(Wage) |  Country   |
+------------+-------------+-----------+-----------+-----------+------------+
| 2152556.32 |      51     |  42206.99 |  83797.26 |  1548.81  |  Germania  |
| 2969954.02 |      74     |  40134.51 |  82170.26 |  1743.14  |  Columbia  |
| 2608261.43 |      68     |  38356.79 |  84963.58 |  1029.13  | Indonezia  |
| 2872624.26 |      69     |  41632.24 |  83059.21 |  3431.98  |   Mexic    |
| 2859356.38 |      68     |  42049.36 |  84879.54 |  1430.35  |   Canada   |
| 3445965.31 |      82     |  42023.97 |  83340.23 |  3514.27  |   Italia   |
| 3092214.09 |      69     |  44814.7  |  84364.67 |  1058.84  |   Franta   |
| 2905579.53 |      68     |  42729.11 |  82416.3  |  1555.72  | Portugalia |
| 3464539.06 |      79     |  43854.92 |  84360.24 |  4986.56  |   Spania   |
| 3226484.25 |      70     |  46092.63 |  84908.36 |  4465.04  |  Japonia   |
| 3784119.17 |      82     |  46147.79 |  84100.82 |  3549.96  |   Anglia   |
| 3032468.47 |      74     |  40979.3  |  84026.86 |  1064.88  |   Egipt    |
| 2889446.83 |      70     |  41277.81 |  84506.87 |  1021.41  |    SUA     |
| 3560011.46 |      76     |  46842.26 |  84917.58 |  2326.58  |   Olanda   |
+------------+-------------+-----------+-----------+-----------+------------+